33387
52413
30411
32211
27493
62300
15790
19150
51119
40671
9963
57421
61335
3065
61418
45892
21445
24522
41282
46854
48937
173
49644
18786
16272
21138
10298
24256
51084
57583
30948
7770
48713
52587
58973
26160
63000
41415
1821
24007
30112
2484
3883
13497
17355
9868
33710
59573
61467
3930
46529
56319
59929
5019
16204
44047
16280
45804
8385
1548
64601
10141
27746
48728
60219
23082
2646
43022
47789
6197
44003
10975
45371
16110
35417
24555
62594
63257
54131
12984
31305
13485
24542
10546
47614
62705
27870
46637
6537
35073
61116
25635
27891
61331
49660
27530
6493
29664
36042
65506
64322
39268
50036
33367
57975
45197
43505
63225
44455
12273
48131
21618
65516
17493
62787
13259
32626
43035
36145
53414
8262
11432
57531
24744
25764
61024
9641
23702
47306
43558
52319
7553
15704
23057
64645
1589
56685
8874
45261
37773
30358
47764
41049
65300
62777
8300
22674
25942
33254
30192
54215
34360
28687
51398
5811
34799
24116
2121
17634
38748
34832
16695
28756
43100
26097
54288
42927
61611
26131
56741
24174
24171
30588
39683
57225
17012
46582
40715
41967
38014
22067
10307
60989
42591
54462
32259
13251
14856
54214
44061
37649
52757
18351
14563
51602
36040
60071
2649
57118
45940
6388
57687
42819
750
29610
58384
34733
63159
2938
12726
57480
9934
35385
30324
27255
33072
21758
50807
48382
33469
947
32775
35575
30073
45710
46209
32943
4666
38856
15898
52023
61498
14573
39238
23030
35726
30964
15537
50634
40687
14239
11733
19230
15224
9594
8967
31177
48191
57996
39521
42297
6803
10850
57180
60697
37851
15228
17380
4349
14989
27501
38093
33864
18933
57830
37333
12728
42847
17420
30289
37565
17597
1218
13855
42389
24337
32432
18991
37153
16514
44903
54741
34256
4302
45346
43380
31529
51539
4002
36167
37009
59973
1433
12102
4395
36685
8328
44662
54661
55446
55765
46118
7462
52468
23226
17681
5494
18520
58987
24934
26161
49454
43027
24433
1140
40563
53764
57716
45166
4312
56834
55364
17741
22987
11599
12744
755
48640
28413
24800
17524
3079
54725
41853
28751
17722
55506
55391
3968
7669
42662
26618
51610
23455
37583
36877
58866
41545
12472
40743
63281
47720
58354
63939
34541
20405
60074
15635
11674
24383
5799
24889
12029
6572
60730
17681
55323
43692
62662
48483
53293
50493
55143
51365
56852
53301
21453
23406
19969
17883
59490
53452
56102
7718
48783
8432
28174
41991
46592
55419
64930
48403
63193
26448
48453
44579
10198
51033
33256
43389
7865
65171
57663
47600
34901
27671
11419
54329
54897
47608
44040
19322
36472
19944
47315
34943
33090
1318
53303
35953
15345
19702
60104
28861
12437
25803
16999
7473
19674
61918
55938
54683
27186
29168
11336
61185
48979
31889
5525
64703
7047
54112
54504
34114
43673
47899
27137
57161
37166
62696
2281
12695
13960
28976
34729
51739
14144
49243
23744
40262
1404
41354
10502
56399
15380
26747
6710
14419
52250
23152
7936
49798
60542
27228
51658
62741
9068
48879
28446
32745
50612
17874
4002
3405
56147
59037
44654
36871
50786
4585
821
27645
13381
54779
59088
11999
32153
65187
16348
48511
28883
16834
40858
7899
45987
2394
44004
5542
8308
1962
5550
54897
19943
42373
23275
37342
24189
18313
19058
39353
15451
57296
65410
23452
362
53206
21602
42547
54348
36284
6010
62865
24499
8407
18186
16764
63835
28716
23881
52339
57579
41506
7085
11716
56071
52127
4191
39500
2793
50734
16116
49453
55842
56585
21887
18843
7204
49175
52051
40818
24322
48748
18252
43983
36240
8149
781
57209
1627
49854
20139
33997
1953
8591
20483
14519
36862
3246
443
9103
28490
48322
60089
44672
26618
10334
5999
65059
45326
34916
19762
4519
30679
48161
62734
36216
55680
22856
49564
39701
10980
63685
64044
62420
56273
6235
45030
54325
13783
19995
63200
52958
8254
44682
51386
64597
48944
3230
10053
62608
38265
3167
53111
7268
64292
2430
42635
49288
35184
17330
36889
1195
11004
3702
35622
1408
65276
25077
33094
33374
13624
56100
50403
44266
36712
14829
44493
13621
47315
49614
25842
36082
10190
37881
50278
36707
37754
30165
12068
887
7104
19492
38779
46221
20393
30259
13043
29342
6086
48546
59961
7852
54493
39622
45589
53795
30603
31622
9040
10740
364
44889
51629
9876
25824
48834
24832
60197
35487
45969
10844
54782
60892
8648
30064
64999
40232
19261
43704
32722
61898
14930
34148
19219
15636
9911
42763
13308
23970
25140
24273
8463
20926
44869
61502
41846
45642
34876
8169
23193
40838
4011
33630
10969
14294
12919
29328
47777
44590
50539
25139
26012
37497
62319
29539
5668
49200
17236
44205
20264
42749
29745
22202
24339
35962
53860
35398
54488
56780
56623
337
9658
24902
51743
35215
8837
56575
55373
5507
45123
46104
28118
56189
57689
49909
40624
26934
23086
59406
14481
14138
5858
50262
34076
29690
34809
16636
9606
17035
20658
53661
16885
2018
7477
36633
36697
4622
20231
37252
47157
37673
3538
7215
38033
46042
28482
36582
27372
15275
21858
51332
35823
48727
44330
61936
56595
24751
22924
4868
63401
35908
12353
32204
2516
29349
32518
64852
37546
9798
173
54533
53633
39880
33464
23001
34644
55684
44403
14422
45032
26564
64242
5858
39787
8727
25608
3248
20672
29649
16077
34672
8494
57180
14207
30359
40778
13298
54302
32607
51641
49011
7116
16943
48761
1333
28322
21979
2356
28270
26600
8333
61233
6180
32054
34409
39283
23810
34769
64564
51820
14810
15437
46585
52234
57796
58795
51143
23905
9557
18180
22195
51446
3888
63366
45913
42476
53755
43619
653
35666
55317
52611
9706
42467
10108
37067
59847
27093
806
29286
12784
50195
39539
46490
24550
15608
64952
61131
32006
31234
30840
62325
42705
49418
54525
50573
48156
24006
5512
27094
38168
42639
31817
19981
63164
28551
40941
59576
39310
57266
3611
26486
48456
12916
6938
35733
60365
7594
58634
40490
24382
33093
58642
44810
28221
7499
16589
735
63467
16030
13654
46785
58284
22076
43762
41268
55580
63963
14202
27534
40882
56434
30222
47555
29863
24866
48848
5088
50763
51195
33134
41438
26350
57797
5068
51925
33910
17198
57995
29070
44466
10314
1815
1204
26815
29643
13535
30357
26568
18858
18798
41356
10238
53171
6094
47457
45981
16283
703
26933
